[1, 6, 11, 7, 2]
[1, 6, 11, 7, 10, 5, 2]
[1, 5, 6, 11, 7, 4, 3]
[1, 6, 11, 7, 8, 3, 2]
[1, 6, 11, 7, 4, 3, 2]
[1, 5, 6, 11, 7, 3]
[1, 5, 6, 11, 8, 4, 3]
[1, 6, 11, 7, 3, 2]
[1, 5, 6, 11, 8, 3]
[1, 6, 11, 8, 4, 3, 2]
[1, 5, 6, 11, 8, 7, 3]
[1, 6, 11, 8, 4, 7, 2]
[1, 5, 6, 11, 12, 8, 3]
[1, 6, 11, 8, 3, 2]
[1, 5, 6, 11, 12, 7, 3]
[1, 6, 11, 8, 3, 7, 2]
[1, 6, 11, 8, 7, 2]
[1, 5, 6, 11, 10, 7, 3]
[1, 6, 11, 8, 7, 3, 2]
[1, 5, 6, 7, 2, 3]
[1, 6, 11, 8, 12, 7, 2]
[1, 5, 6, 7, 11, 8, 3]
[1, 6, 11, 12, 8, 3, 2]
[1, 5, 6, 7, 12, 8, 3]
[1, 5, 6, 7, 8, 4, 3]
[1, 6, 11, 12, 8, 7, 2]
[1, 5, 6, 7, 8, 3]